0 521 2 0 -1
1 522 0 0 1
2 523 0 1 2
3 524 0 2 3
4 525 0 3 4
5 526 0 4 5
6 527 0 5 6
7 528 0 6 7
8 529 0 7 8
9 530 0 8 9
10 531 0 9 10
11 532 0 10 11
12 533 0 11 12
13 534 0 12 13
14 535 0 13 14
15 536 0 14 15
16 537 0 15 16
17 538 0 16 17
18 539 0 17 18
19 540 0 18 19
20 541 0 19 20
21 542 0 20 21
22 543 0 21 22
23 544 0 22 23
24 545 0 23 24
25 546 0 24 25
26 547 0 25 26
27 548 0 26 27
28 549 0 27 28
29 550 0 28 29
30 551 0 29 30
31 552 0 30 31
32 553 0 31 32
33 554 0 32 33
34 555 0 33 34
35 556 0 34 35
36 557 0 35 36
37 558 0 36 37
38 559 0 37 38
39 560 0 38 39
40 561 0 39 40
41 562 0 40 41
42 563 0 41 42
43 564 0 42 43
44 565 0 43 44
45 566 0 44 45
46 567 0 45 46
47 568 0 46 47
48 569 0 47 48
49 570 0 48 49
50 571 0 49 50
51 572 0 50 51
52 573 0 51 52
53 574 0 52 53
54 575 0 53 54
55 576 0 54 55
56 577 0 55 56
57 578 0 56 57
58 579 0 57 58
59 580 0 58 59
60 581 0 59 60
61 582 0 60 61
62 583 0 61 62
63 584 0 62 63
64 585 0 63 64
65 586 0 64 65
66 587 0 65 66
67 588 0 66 67
68 589 0 67 68
69 590 0 68 69
70 591 0 69 70
71 592 0 70 71
72 593 0 71 72
73 594 0 72 73
74 595 0 73 74
75 596 0 74 75
76 597 0 75 76
77 598 0 76 77
78 599 0 77 78
79 600 0 78 79
80 601 0 79 80
81 602 0 80 81
82 603 0 81 82
83 604 0 82 83
84 605 0 83 84
85 606 0 84 85
86 607 0 85 86
87 608 0 86 87
88 609 0 87 88
89 610 0 88 89
90 611 0 89 90
91 612 0 90 91
92 613 0 91 92
93 614 0 92 93
94 615 0 93 94
95 616 0 94 95
96 617 0 95 96
97 618 0 96 97
98 619 0 97 98
99 620 0 98 99
100 621 0 99 100
101 622 0 100 101
102 623 0 101 102
103 624 0 102 103
104 625 0 103 104
105 626 0 104 105
106 627 0 105 106
107 628 0 106 107
108 629 0 107 108
109 630 0 108 109
110 631 0 109 110
111 632 0 110 111
112 633 0 111 112
113 634 0 112 113
114 635 0 113 114
115 636 0 114 115
116 637 0 115 116
117 638 0 116 117
118 639 0 117 118
119 640 0 118 119
120 641 0 119 120
121 642 0 120 121
122 643 0 121 122
123 644 0 122 123
124 645 0 123 124
125 646 0 124 125
126 647 0 125 126
127 648 0 126 127
128 649 0 127 128
129 650 0 128 129
130 651 0 129 130
131 652 0 130 131
132 653 0 131 132
133 654 0 132 133
134 655 0 133 134
135 656 0 134 135
136 657 0 135 136
137 658 0 136 137
138 659 0 137 138
139 660 0 138 139
140 661 0 139 140
141 662 0 140 141
142 663 0 141 142
143 664 0 142 143
144 665 0 143 144
145 666 0 144 145
146 667 0 145 146
147 668 0 146 147
148 669 0 147 148
149 670 0 148 149
150 671 0 149 150
151 672 0 150 151
152 673 0 151 152
153 674 0 152 153
154 675 0 153 154
155 676 0 154 155
156 677 0 155 156
157 678 0 156 157
158 679 0 157 158
159 680 0 158 159
160 681 0 159 160
161 682 0 160 161
162 683 0 161 162
163 684 0 162 163
164 685 0 163 164
165 686 0 164 165
166 687 0 165 166
167 688 0 166 167
168 689 0 167 168
169 690 0 168 169
170 691 0 169 170
171 692 0 170 171
172 693 0 171 172
173 694 0 172 173
174 695 0 173 174
175 696 0 174 175
176 697 0 175 176
177 698 0 176 177
178 699 0 177 178
179 700 0 178 179
180 701 0 179 180
181 702 0 180 181
182 703 0 181 182
183 704 0 182 183
184 705 0 183 184
185 706 0 184 185
186 707 0 185 186
187 708 0 186 187
188 709 0 187 188
189 710 0 188 189
190 711 0 189 190
191 712 0 190 191
192 713 0 191 192
193 714 0 192 193
194 715 0 193 194
195 716 0 194 195
196 717 0 195 196
197 718 0 196 197
198 719 0 197 198
199 720 0 198 199
200 721 0 199 200
201 722 0 200 201
202 723 0 201 202
203 724 0 202 203
204 725 0 203 204
205 726 0 204 205
206 727 0 205 206
207 728 0 206 207
208 729 0 207 208
209 730 0 208 209
210 731 0 209 210
211 732 0 210 211
212 733 0 211 212
213 734 0 212 213
214 735 0 213 214
215 736 0 214 215
216 737 0 215 216
217 738 0 216 217
218 739 0 217 218
219 740 0 218 219
220 741 0 219 220
221 742 0 220 221
222 743 0 221 222
223 744 0 222 223
224 745 0 223 224
225 746 0 224 225
226 747 0 225 226
227 748 0 226 227
228 749 0 227 228
229 750 0 228 229
230 751 0 229 230
231 752 0 230 231
232 753 0 231 232
233 754 0 232 233
234 755 0 233 234
235 756 0 234 235
236 757 0 235 236
237 758 0 236 237
238 759 0 237 238
239 760 0 238 239
240 761 0 239 240
241 762 0 240 241
242 763 0 241 242
243 764 0 242 243
244 765 0 243 244
245 766 0 244 245
246 767 0 245 246
247 768 0 246 247
248 769 0 247 248
249 770 0 248 249
250 771 0 249 250
251 772 0 250 251
252 773 0 251 252
253 774 0 252 253
254 775 0 253 254
255 776 0 254 255
256 777 0 255 256
257 778 0 256 257
258 779 0 257 258
259 780 0 258 259
260 781 0 259 260
261 782 0 260 261
262 783 0 261 262
263 784 0 262 263
264 785 0 263 264
265 786 0 264 265
266 787 0 265 266
267 788 0 266 267
268 789 0 267 268
269 790 0 268 269
270 791 0 269 270
271 792 0 270 271
272 793 0 271 272
273 794 0 272 273
274 795 0 273 274
275 796 0 274 275
276 797 0 275 276
277 798 0 276 277
278 799 0 277 278
279 800 0 278 279
280 801 0 279 280
281 802 0 280 281
282 803 0 281 282
283 804 0 282 283
284 805 0 283 284
285 806 0 284 285
286 807 0 285 286
287 808 0 286 287
288 809 0 287 288
289 810 0 288 289
290 811 0 289 290
291 812 0 290 291
292 813 0 291 292
293 814 0 292 293
294 815 0 293 294
295 816 0 294 295
296 817 0 295 296
297 818 0 296 297
298 819 0 297 298
299 820 0 298 299
300 821 0 299 300
301 822 0 300 301
302 823 0 301 302
303 824 0 302 303
304 825 0 303 304
305 826 0 304 305
306 827 0 305 306
307 828 0 306 307
308 829 0 307 308
309 830 0 308 309
310 831 0 309 310
311 832 0 310 311
312 833 0 311 312
313 834 0 312 313
314 835 0 313 314
315 836 0 314 315
316 837 0 315 316
317 838 0 316 317
318 839 0 317 318
319 840 0 318 319
320 841 0 319 320
321 842 0 320 321
322 843 0 321 322
323 844 0 322 323
324 845 0 323 324
325 846 0 324 325
326 847 0 325 326
327 848 0 326 327
328 849 0 327 328
329 850 0 328 329
330 851 0 329 330
331 852 0 330 331
332 853 0 331 332
333 854 0 332 333
334 855 0 333 334
335 856 0 334 335
336 857 0 335 336
337 858 0 336 337
338 859 0 337 338
339 860 0 338 339
340 861 0 339 340
341 862 0 340 341
342 863 0 341 342
343 864 0 342 343
344 865 0 343 344
345 866 0 344 345
346 867 0 345 346
347 868 0 346 347
348 869 0 347 348
349 870 0 348 349
350 871 0 349 350
351 872 0 350 351
352 873 0 351 352
353 874 0 352 353
354 875 0 353 354
355 876 0 354 355
356 877 0 355 356
357 878 0 356 357
358 879 0 357 358
359 880 0 358 359
360 881 0 359 360
361 882 0 360 361
362 883 0 361 362
363 884 0 362 363
364 885 0 363 364
365 886 0 364 365
366 887 0 365 366
367 888 0 366 367
368 889 0 367 368
369 890 0 368 369
370 891 0 369 370
371 892 0 370 371
372 893 0 371 372
373 894 0 372 373
374 895 0 373 374
375 896 0 374 375
376 897 0 375 376
377 898 0 376 377
378 899 0 377 378
379 900 0 378 379
380 901 0 379 380
381 902 0 380 381
382 903 0 381 382
383 904 0 382 383
384 905 0 383 384
385 906 0 384 385
386 907 0 385 386
387 908 0 386 387
388 909 0 387 388
389 910 0 388 389
390 911 0 389 390
391 912 0 390 391
392 913 0 391 392
393 914 0 392 393
394 915 0 393 394
395 916 0 394 395
396 917 0 395 396
397 918 0 396 397
398 919 0 397 398
399 920 0 398 399
400 921 0 399 400
401 922 0 400 401
402 923 0 401 402
403 924 0 402 403
404 925 0 403 404
405 926 0 404 405
406 927 0 405 406
407 928 0 406 407
408 929 0 407 408
409 930 0 408 409
410 931 0 409 410
411 932 0 410 411
412 933 0 411 412
413 934 0 412 413
414 935 0 413 414
415 936 0 414 415
416 937 0 415 416
417 938 0 416 417
418 939 0 417 418
419 940 0 418 419
420 941 0 419 420
421 942 0 420 421
422 943 0 421 422
423 944 0 422 423
424 945 0 423 424
425 946 0 424 425
426 947 0 425 426
427 948 0 426 427
428 949 0 427 428
429 950 0 428 429
430 951 0 429 430
431 952 0 430 431
432 953 0 431 432
433 954 0 432 433
434 955 0 433 434
435 956 0 434 435
436 957 0 435 436
437 958 0 436 437
438 959 0 437 438
439 960 0 438 439
440 961 0 439 440
441 962 0 440 441
442 963 0 441 442
443 964 0 442 443
444 965 0 443 444
445 966 0 444 445
446 967 0 445 446
447 968 0 446 447
448 969 0 447 448
449 970 0 448 449
450 971 0 449 450
451 972 0 450 451
452 973 0 451 452
453 974 0 452 453
454 975 0 453 454
455 976 0 454 455
456 977 0 455 456
457 978 0 456 457
458 979 0 457 458
459 980 0 458 459
460 981 0 459 460
461 982 0 460 461
462 983 0 461 462
463 984 0 462 463
464 985 0 463 464
465 986 0 464 465
466 987 0 465 466
467 988 0 466 467
468 989 0 467 468
469 990 0 468 469
470 991 0 469 470
471 992 0 470 471
472 993 0 471 472
473 994 0 472 473
474 995 0 473 474
475 996 0 474 475
476 997 0 475 476
477 998 0 476 477
478 999 0 477 478
479 1000 0 478 479
480 1001 0 479 480
481 1002 0 480 481
482 1003 0 481 482
483 1004 0 482 483
484 1005 0 483 484
485 1006 0 484 485
486 1007 0 485 486
487 1008 0 486 487
488 1009 0 487 488
489 1010 0 488 489
490 1011 0 489 490
491 1012 0 490 491
492 1013 0 491 492
493 1014 0 492 493
494 1015 0 493 494
495 1016 0 494 495
496 1017 0 495 496
497 1018 0 496 497
498 1019 0 497 498
499 1020 0 498 499
500 1021 0 499 500
501 1022 0 500 501
502 1023 0 501 502
503 1024 0 502 503
504 1025 0 503 504
505 1026 0 504 505
506 1027 0 505 506
507 1028 0 506 507
508 1029 0 507 508
509 1030 0 508 509
510 1031 0 509 510
511 1032 0 510 511
512 1033 0 511 512
513 1034 0 512 513
514 1035 0 513 514
515 1036 0 514 515
516 1037 0 515 516
517 1038 0 516 517
518 1039 0 517 518
519 1040 0 518 519
520 1041 2 519 -1
521 1042 2 520 -1
522 1043 0 520 521
523 1044 0 521 522
524 1045 0 522 523
525 1046 0 523 524
526 1047 0 524 525
527 1048 0 525 526
528 1049 0 526 527
529 1050 0 527 528
530 1051 0 528 529
531 1052 0 529 530
532 1053 0 530 531
533 1054 0 531 532
534 1055 0 532 533
535 1056 0 533 534
536 1057 0 534 535
537 1058 0 535 536
538 1059 0 536 537
539 1060 0 537 538
540 1061 0 538 539
541 1062 0 539 540
542 1063 0 540 541
543 1064 0 541 542
544 1065 0 542 543
545 1066 0 543 544
546 1067 0 544 545
547 1068 0 545 546
548 1069 0 546 547
549 1070 0 547 548
550 1071 0 548 549
551 1072 0 549 550
552 1073 0 550 551
553 1074 0 551 552
554 1075 0 552 553
555 1076 0 553 554
556 1077 0 554 555
557 1078 0 555 556
558 1079 0 556 557
559 1080 0 557 558
560 1081 0 558 559
561 1082 0 559 560
562 1083 0 560 561
563 1084 0 561 562
564 1085 0 562 563
565 1086 0 563 564
566 1087 0 564 565
567 1088 0 565 566
568 1089 0 566 567
569 1090 0 567 568
570 1091 0 568 569
571 1092 0 569 570
572 1093 0 570 571
573 1094 0 571 572
574 1095 0 572 573
575 1096 0 573 574
576 1097 0 574 575
577 1098 0 575 576
578 1099 0 576 577
579 1100 0 577 578
580 1101 0 578 579
581 1102 0 579 580
582 1103 0 580 581
583 1104 0 581 582
584 1105 0 582 583
585 1106 0 583 584
586 1107 0 584 585
587 1108 0 585 586
588 1109 0 586 587
589 1110 0 587 588
590 1111 0 588 589
591 1112 0 589 590
592 1113 0 590 591
593 1114 0 591 592
594 1115 0 592 593
595 1116 0 593 594
596 1117 0 594 595
597 1118 0 595 596
598 1119 0 596 597
599 1120 0 597 598
600 1121 0 598 599
601 1122 0 599 600
602 1123 0 600 601
603 1124 0 601 602
604 1125 0 602 603
605 1126 0 603 604
606 1127 0 604 605
607 1128 0 605 606
608 1129 0 606 607
609 1130 0 607 608
610 1131 0 608 609
611 1132 0 609 610
612 1133 0 610 611
613 1134 0 611 612
614 1135 0 612 613
615 1136 0 613 614
616 1137 0 614 615
617 1138 0 615 616
618 1139 0 616 617
619 1140 0 617 618
620 1141 0 618 619
621 1142 0 619 620
622 1143 0 620 621
623 1144 0 621 622
624 1145 0 622 623
625 1146 0 623 624
626 1147 0 624 625
627 1148 0 625 626
628 1149 0 626 627
629 1150 0 627 628
630 1151 0 628 629
631 1152 0 629 630
632 1153 0 630 631
633 1154 0 631 632
634 1155 0 632 633
635 1156 0 633 634
636 1157 0 634 635
637 1158 0 635 636
638 1159 0 636 637
639 1160 0 637 638
640 1161 0 638 639
641 1162 0 639 640
642 1163 0 640 641
643 1164 0 641 642
644 1165 0 642 643
645 1166 0 643 644
646 1167 0 644 645
647 1168 0 645 646
648 1169 0 646 647
649 1170 0 647 648
650 1171 0 648 649
651 1172 0 649 650
652 1173 0 650 651
653 1174 0 651 652
654 1175 0 652 653
655 1176 0 653 654
656 1177 0 654 655
657 1178 0 655 656
658 1179 0 656 657
659 1180 0 657 658
660 1181 0 658 659
661 1182 0 659 660
662 1183 0 660 661
663 1184 0 661 662
664 1185 0 662 663
665 1186 0 663 664
666 1187 0 664 665
667 1188 0 665 666
668 1189 0 666 667
669 1190 0 667 668
670 1191 0 668 669
671 1192 0 669 670
672 1193 0 670 671
673 1194 0 671 672
674 1195 0 672 673
675 1196 0 673 674
676 1197 0 674 675
677 1198 0 675 676
678 1199 0 676 677
679 1200 0 677 678
680 1201 0 678 679
681 1202 0 679 680
682 1203 0 680 681
683 1204 0 681 682
684 1205 0 682 683
685 1206 0 683 684
686 1207 0 684 685
687 1208 0 685 686
688 1209 0 686 687
689 1210 0 687 688
690 1211 0 688 689
691 1212 0 689 690
692 1213 0 690 691
693 1214 0 691 692
694 1215 0 692 693
695 1216 0 693 694
696 1217 0 694 695
697 1218 0 695 696
698 1219 0 696 697
699 1220 0 697 698
700 1221 0 698 699
701 1222 0 699 700
702 1223 0 700 701
703 1224 0 701 702
704 1225 0 702 703
705 1226 0 703 704
706 1227 0 704 705
707 1228 0 705 706
708 1229 0 706 707
709 1230 0 707 708
710 1231 0 708 709
711 1232 0 709 710
712 1233 0 710 711
713 1234 0 711 712
714 1235 0 712 713
715 1236 0 713 714
716 1237 0 714 715
717 1238 0 715 716
718 1239 0 716 717
719 1240 0 717 718
720 1241 0 718 719
721 1242 0 719 720
722 1243 0 720 721
723 1244 0 721 722
724 1245 0 722 723
725 1246 0 723 724
726 1247 0 724 725
727 1248 0 725 726
728 1249 0 726 727
729 1250 0 727 728
730 1251 0 728 729
731 1252 0 729 730
732 1253 0 730 731
733 1254 0 731 732
734 1255 0 732 733
735 1256 0 733 734
736 1257 0 734 735
737 1258 0 735 736
738 1259 0 736 737
739 1260 0 737 738
740 1261 0 738 739
741 1262 0 739 740
742 1263 0 740 741
743 1264 0 741 742
744 1265 0 742 743
745 1266 0 743 744
746 1267 0 744 745
747 1268 0 745 746
748 1269 0 746 747
749 1270 0 747 748
750 1271 0 748 749
751 1272 0 749 750
752 1273 0 750 751
753 1274 0 751 752
754 1275 0 752 753
755 1276 0 753 754
756 1277 0 754 755
757 1278 0 755 756
758 1279 0 756 757
759 1280 0 757 758
760 1281 0 758 759
761 1282 0 759 760
762 1283 0 760 761
763 1284 0 761 762
764 1285 0 762 763
765 1286 0 763 764
766 1287 0 764 765
767 1288 0 765 766
768 1289 0 766 767
769 1290 0 767 768
770 1291 0 768 769
771 1292 0 769 770
772 1293 0 770 771
773 1294 0 771 772
774 1295 0 772 773
775 1296 0 773 774
776 1297 0 774 775
777 1298 0 775 776
778 1299 0 776 777
779 1300 0 777 778
780 1301 0 778 779
781 1302 0 779 780
782 1303 0 780 781
783 1304 0 781 782
784 1305 0 782 783
785 1306 0 783 784
786 1307 0 784 785
787 1308 0 785 786
788 1309 0 786 787
789 1310 0 787 788
790 1311 0 788 789
791 1312 0 789 790
792 1313 0 790 791
793 1314 0 791 792
794 1315 0 792 793
795 1316 0 793 794
796 1317 0 794 795
797 1318 0 795 796
798 1319 0 796 797
799 1320 0 797 798
800 1321 0 798 799
801 1322 0 799 800
802 1323 0 800 801
803 1324 0 801 802
804 1325 0 802 803
805 1326 0 803 804
806 1327 0 804 805
807 1328 0 805 806
808 1329 0 806 807
809 1330 0 807 808
810 1331 0 808 809
811 1332 0 809 810
812 1333 0 810 811
813 1334 0 811 812
814 1335 0 812 813
815 1336 0 813 814
816 1337 0 814 815
817 1338 0 815 816
818 1339 0 816 817
819 1340 0 817 818
820 1341 0 818 819
821 1342 0 819 820
822 1343 0 820 821
823 1344 0 821 822
824 1345 0 822 823
825 1346 0 823 824
826 1347 0 824 825
827 1348 0 825 826
828 1349 0 826 827
829 1350 0 827 828
830 1351 0 828 829
831 1352 0 829 830
832 1353 0 830 831
833 1354 0 831 832
834 1355 0 832 833
835 1356 0 833 834
836 1357 0 834 835
837 1358 0 835 836
838 1359 0 836 837
839 1360 0 837 838
840 1361 0 838 839
841 1362 0 839 840
842 1363 0 840 841
843 1364 0 841 842
844 1365 0 842 843
845 1366 0 843 844
846 1367 0 844 845
847 1368 0 845 846
848 1369 0 846 847
849 1370 0 847 848
850 1371 0 848 849
851 1372 0 849 850
852 1373 0 850 851
853 1374 0 851 852
854 1375 0 852 853
855 1376 0 853 854
856 1377 0 854 855
857 1378 0 855 856
858 1379 0 856 857
859 1380 0 857 858
860 1381 0 858 859
861 1382 0 859 860
862 1383 0 860 861
863 1384 0 861 862
864 1385 0 862 863
865 1386 0 863 864
866 1387 0 864 865
867 1388 0 865 866
868 1389 0 866 867
869 1390 0 867 868
870 1391 0 868 869
871 1392 0 869 870
872 1393 0 870 871
873 1394 0 871 872
874 1395 0 872 873
875 1396 0 873 874
876 1397 0 874 875
877 1398 0 875 876
878 1399 0 876 877
879 1400 0 877 878
880 1401 0 878 879
881 1402 0 879 880
882 1403 0 880 881
883 1404 0 881 882
884 1405 0 882 883
885 1406 0 883 884
886 1407 0 884 885
887 1408 0 885 886
888 1409 0 886 887
889 1410 0 887 888
890 1411 0 888 889
891 1412 0 889 890
892 1413 0 890 891
893 1414 0 891 892
894 1415 0 892 893
895 1416 0 893 894
896 1417 0 894 895
897 1418 0 895 896
898 1419 0 896 897
899 1420 0 897 898
900 1421 0 898 899
901 1422 0 899 900
902 1423 0 900 901
903 1424 0 901 902
904 1425 0 902 903
905 1426 0 903 904
906 1427 0 904 905
907 1428 0 905 906
908 1429 0 906 907
909 1430 0 907 908
910 1431 0 908 909
911 1432 0 909 910
912 1433 0 910 911
913 1434 0 911 912
914 1435 0 912 913
915 1436 0 913 914
916 1437 0 914 915
917 1438 0 915 916
918 1439 0 916 917
919 1440 0 917 918
920 1441 0 918 919
921 1442 0 919 920
922 1443 0 920 921
923 1444 0 921 922
924 1445 0 922 923
925 1446 0 923 924
926 1447 0 924 925
927 1448 0 925 926
928 1449 0 926 927
929 1450 0 927 928
930 1451 0 928 929
931 1452 0 929 930
932 1453 0 930 931
933 1454 0 931 932
934 1455 0 932 933
935 1456 0 933 934
936 1457 0 934 935
937 1458 0 935 936
938 1459 0 936 937
939 1460 0 937 938
940 1461 0 938 939
941 1462 0 939 940
942 1463 0 940 941
943 1464 0 941 942
944 1465 0 942 943
945 1466 0 943 944
946 1467 0 944 945
947 1468 0 945 946
948 1469 0 946 947
949 1470 0 947 948
950 1471 0 948 949
951 1472 0 949 950
952 1473 0 950 951
953 1474 0 951 952
954 1475 0 952 953
955 1476 0 953 954
956 1477 0 954 955
957 1478 0 955 956
958 1479 0 956 957
959 1480 0 957 958
960 1481 0 958 959
961 1482 0 959 960
962 1483 0 960 961
963 1484 0 961 962
964 1485 0 962 963
965 1486 0 963 964
966 1487 0 964 965
967 1488 0 965 966
968 1489 0 966 967
969 1490 0 967 968
970 1491 0 968 969
971 1492 0 969 970
972 1493 0 970 971
973 1494 0 971 972
974 1495 0 972 973
975 1496 0 973 974
976 1497 0 974 975
977 1498 0 975 976
978 1499 0 976 977
979 1500 0 977 978
980 1501 0 978 979
981 1502 0 979 980
982 1503 0 980 981
983 1504 0 981 982
984 1505 0 982 983
985 1506 0 983 984
986 1507 0 984 985
987 1508 0 985 986
988 1509 0 986 987
989 1510 0 987 988
990 1511 0 988 989
991 1512 0 989 990
992 1513 0 990 991
993 1514 0 991 992
994 1515 0 992 993
995 1516 0 993 994
996 1517 0 994 995
997 1518 0 995 996
998 1519 0 996 997
999 1520 0 997 998
1000 1521 0 998 999
1001 1522 0 999 1000
1002 1523 0 1000 1001
1003 1524 0 1001 1002
1004 1525 0 1002 1003
1005 1526 0 1003 1004
1006 1527 0 1004 1005
1007 1528 0 1005 1006
1008 1529 0 1006 1007
1009 1530 0 1007 1008
1010 1531 0 1008 1009
1011 1532 0 1009 1010
1012 1533 0 1010 1011
1013 1534 0 1011 1012
1014 1535 0 1012 1013
1015 1536 0 1013 1014
1016 1537 0 1014 1015
1017 1538 0 1015 1016
1018 1539 0 1016 1017
1019 1540 0 1017 1018
1020 1541 0 1018 1019
1021 1542 0 1019 1020
1022 1543 0 1020 1021
1023 1544 0 1021 1022
1024 1545 0 1022 1023
1025 1546 0 1023 1024
1026 1547 0 1024 1025
1027 1548 0 1025 1026
1028 1549 0 1026 1027
1029 1550 0 1027 1028
1030 1551 0 1028 1029
1031 1552 0 1029 1030
1032 1553 0 1030 1031
1033 1554 0 1031 1032
1034 1555 0 1032 1033
1035 1556 0 1033 1034
1036 1557 0 1034 1035
1037 1558 0 1035 1036
1038 1559 0 1036 1037
1039 1560 0 1037 1038
1040 1561 0 1038 1039
1041 1562 2 1039 -1
1042 1563 2 1040 -1
1043 1564 0 1040 1041
1044 1565 0 1041 1042
1045 1566 0 1042 1043
1046 1567 0 1043 1044
1047 1568 0 1044 1045
1048 1569 0 1045 1046
1049 1570 0 1046 1047
1050 1571 0 1047 1048
1051 1572 0 1048 1049
1052 1573 0 1049 1050
1053 1574 0 1050 1051
1054 1575 0 1051 1052
1055 1576 0 1052 1053
1056 1577 0 1053 1054
1057 1578 0 1054 1055
1058 1579 0 1055 1056
1059 1580 0 1056 1057
1060 1581 0 1057 1058
1061 1582 0 1058 1059
1062 1583 0 1059 1060
1063 1584 0 1060 1061
1064 1585 0 1061 1062
1065 1586 0 1062 1063
1066 1587 0 1063 1064
1067 1588 0 1064 1065
1068 1589 0 1065 1066
1069 1590 0 1066 1067
1070 1591 0 1067 1068
1071 1592 0 1068 1069
1072 1593 0 1069 1070
1073 1594 0 1070 1071
1074 1595 0 1071 1072
1075 1596 0 1072 1073
1076 1597 0 1073 1074
1077 1598 0 1074 1075
1078 1599 0 1075 1076
1079 1600 0 1076 1077
1080 1601 0 1077 1078
1081 1602 0 1078 1079
1082 1603 0 1079 1080
1083 1604 0 1080 1081
1084 1605 0 1081 1082
1085 1606 0 1082 1083
1086 1607 0 1083 1084
1087 1608 0 1084 1085
1088 1609 0 1085 1086
1089 1610 0 1086 1087
1090 1611 0 1087 1088
1091 1612 0 1088 1089
1092 1613 0 1089 1090
1093 1614 0 1090 1091
1094 1615 0 1091 1092
1095 1616 0 1092 1093
1096 1617 0 1093 1094
1097 1618 0 1094 1095
1098 1619 0 1095 1096
1099 1620 0 1096 1097
1100 1621 0 1097 1098
1101 1622 0 1098 1099
1102 1623 0 1099 1100
1103 1624 0 1100 1101
1104 1625 0 1101 1102
1105 1626 0 1102 1103
1106 1627 0 1103 1104
1107 1628 0 1104 1105
1108 1629 0 1105 1106
1109 1630 0 1106 1107
1110 1631 0 1107 1108
1111 1632 0 1108 1109
1112 1633 0 1109 1110
1113 1634 0 1110 1111
1114 1635 0 1111 1112
1115 1636 0 1112 1113
1116 1637 0 1113 1114
1117 1638 0 1114 1115
1118 1639 0 1115 1116
1119 1640 0 1116 1117
1120 1641 0 1117 1118
1121 1642 0 1118 1119
1122 1643 0 1119 1120
1123 1644 0 1120 1121
1124 1645 0 1121 1122
1125 1646 0 1122 1123
1126 1647 0 1123 1124
1127 1648 0 1124 1125
1128 1649 0 1125 1126
1129 1650 0 1126 1127
1130 1651 0 1127 1128
1131 1652 0 1128 1129
1132 1653 0 1129 1130
1133 1654 0 1130 1131
1134 1655 0 1131 1132
1135 1656 0 1132 1133
1136 1657 0 1133 1134
1137 1658 0 1134 1135
1138 1659 0 1135 1136
1139 1660 0 1136 1137
1140 1661 0 1137 1138
1141 1662 0 1138 1139
1142 1663 0 1139 1140
1143 1664 0 1140 1141
1144 1665 0 1141 1142
1145 1666 0 1142 1143
1146 1667 0 1143 1144
1147 1668 0 1144 1145
1148 1669 0 1145 1146
1149 1670 0 1146 1147
1150 1671 0 1147 1148
1151 1672 0 1148 1149
1152 1673 0 1149 1150
1153 1674 0 1150 1151
1154 1675 0 1151 1152
1155 1676 0 1152 1153
1156 1677 0 1153 1154
1157 1678 0 1154 1155
1158 1679 0 1155 1156
1159 1680 0 1156 1157
1160 1681 0 1157 1158
1161 1682 0 1158 1159
1162 1683 0 1159 1160
1163 1684 0 1160 1161
1164 1685 0 1161 1162
1165 1686 0 1162 1163
1166 1687 0 1163 1164
1167 1688 0 1164 1165
1168 1689 0 1165 1166
1169 1690 0 1166 1167
1170 1691 0 1167 1168
1171 1692 0 1168 1169
1172 1693 0 1169 1170
1173 1694 0 1170 1171
1174 1695 0 1171 1172
1175 1696 0 1172 1173
1176 1697 0 1173 1174
1177 1698 0 1174 1175
1178 1699 0 1175 1176
1179 1700 0 1176 1177
1180 1701 0 1177 1178
1181 1702 0 1178 1179
1182 1703 0 1179 1180
1183 1704 0 1180 1181
1184 1705 0 1181 1182
1185 1706 0 1182 1183
1186 1707 0 1183 1184
1187 1708 0 1184 1185
1188 1709 0 1185 1186
1189 1710 0 1186 1187
1190 1711 0 1187 1188
1191 1712 0 1188 1189
1192 1713 0 1189 1190
1193 1714 0 1190 1191
1194 1715 0 1191 1192
1195 1716 0 1192 1193
1196 1717 0 1193 1194
1197 1718 0 1194 1195
1198 1719 0 1195 1196
1199 1720 0 1196 1197
1200 1721 0 1197 1198
1201 1722 0 1198 1199
1202 1723 0 1199 1200
1203 1724 0 1200 1201
1204 1725 0 1201 1202
1205 1726 0 1202 1203
1206 1727 0 1203 1204
1207 1728 0 1204 1205
1208 1729 0 1205 1206
1209 1730 0 1206 1207
1210 1731 0 1207 1208
1211 1732 0 1208 1209
1212 1733 0 1209 1210
1213 1734 0 1210 1211
1214 1735 0 1211 1212
1215 1736 0 1212 1213
1216 1737 0 1213 1214
1217 1738 0 1214 1215
1218 1739 0 1215 1216
1219 1740 0 1216 1217
1220 1741 0 1217 1218
1221 1742 0 1218 1219
1222 1743 0 1219 1220
1223 1744 0 1220 1221
1224 1745 0 1221 1222
1225 1746 0 1222 1223
1226 1747 0 1223 1224
1227 1748 0 1224 1225
1228 1749 0 1225 1226
1229 1750 0 1226 1227
1230 1751 0 1227 1228
1231 1752 0 1228 1229
1232 1753 0 1229 1230
1233 1754 0 1230 1231
1234 1755 0 1231 1232
1235 1756 0 1232 1233
1236 1757 0 1233 1234
1237 1758 0 1234 1235
1238 1759 0 1235 1236
1239 1760 0 1236 1237
1240 1761 0 1237 1238
1241 1762 0 1238 1239
1242 1763 0 1239 1240
1243 1764 0 1240 1241
1244 1765 0 1241 1242
1245 1766 0 1242 1243
1246 1767 0 1243 1244
1247 1768 0 1244 1245
1248 1769 0 1245 1246
1249 1770 0 1246 1247
1250 1771 0 1247 1248
1251 1772 0 1248 1249
1252 1773 0 1249 1250
1253 1774 0 1250 1251
1254 1775 0 1251 1252
1255 1776 0 1252 1253
1256 1777 0 1253 1254
1257 1778 0 1254 1255
1258 1779 0 1255 1256
1259 1780 0 1256 1257
1260 1781 0 1257 1258
1261 1782 0 1258 1259
1262 1783 0 1259 1260
1263 1784 0 1260 1261
1264 1785 0 1261 1262
1265 1786 0 1262 1263
1266 1787 0 1263 1264
1267 1788 0 1264 1265
1268 1789 0 1265 1266
1269 1790 0 1266 1267
1270 1791 0 1267 1268
1271 1792 0 1268 1269
1272 1793 0 1269 1270
1273 1794 0 1270 1271
1274 1795 0 1271 1272
1275 1796 0 1272 1273
1276 1797 0 1273 1274
1277 1798 0 1274 1275
1278 1799 0 1275 1276
1279 1800 0 1276 1277
1280 1801 0 1277 1278
1281 1802 0 1278 1279
1282 1803 0 1279 1280
1283 1804 0 1280 1281
1284 1805 0 1281 1282
1285 1806 0 1282 1283
1286 1807 0 1283 1284
1287 1808 0 1284 1285
1288 1809 0 1285 1286
1289 1810 0 1286 1287
1290 1811 0 1287 1288
1291 1812 0 1288 1289
1292 1813 0 1289 1290
1293 1814 0 1290 1291
1294 1815 0 1291 1292
1295 1816 0 1292 1293
1296 1817 0 1293 1294
1297 1818 0 1294 1295
1298 1819 0 1295 1296
1299 1820 0 1296 1297
1300 1821 0 1297 1298
1301 1822 0 1298 1299
1302 1823 0 1299 1300
1303 1824 0 1300 1301
1304 1825 0 1301 1302
1305 1826 0 1302 1303
1306 1827 0 1303 1304
1307 1828 0 1304 1305
1308 1829 0 1305 1306
1309 1830 0 1306 1307
1310 1831 0 1307 1308
1311 1832 0 1308 1309
1312 1833 0 1309 1310
1313 1834 0 1310 1311
1314 1835 0 1311 1312
1315 1836 0 1312 1313
1316 1837 0 1313 1314
1317 1838 0 1314 1315
1318 1839 0 1315 1316
1319 1840 0 1316 1317
1320 1841 0 1317 1318
1321 1842 0 1318 1319
1322 1843 0 1319 1320
1323 1844 0 1320 1321
1324 1845 0 1321 1322
1325 1846 0 1322 1323
1326 1847 0 1323 1324
1327 1848 0 1324 1325
1328 1849 0 1325 1326
1329 1850 0 1326 1327
1330 1851 0 1327 1328
1331 1852 0 1328 1329
1332 1853 0 1329 1330
1333 1854 0 1330 1331
1334 1855 0 1331 1332
1335 1856 0 1332 1333
1336 1857 0 1333 1334
1337 1858 0 1334 1335
1338 1859 0 1335 1336
1339 1860 0 1336 1337
1340 1861 0 1337 1338
1341 1862 0 1338 1339
1342 1863 0 1339 1340
1343 1864 0 1340 1341
1344 1865 0 1341 1342
1345 1866 0 1342 1343
1346 1867 0 1343 1344
1347 1868 0 1344 1345
1348 1869 0 1345 1346
1349 1870 0 1346 1347
1350 1871 0 1347 1348
1351 1872 0 1348 1349
1352 1873 0 1349 1350
1353 1874 0 1350 1351
1354 1875 0 1351 1352
1355 1876 0 1352 1353
1356 1877 0 1353 1354
1357 1878 0 1354 1355
1358 1879 0 1355 1356
1359 1880 0 1356 1357
1360 1881 0 1357 1358
1361 1882 0 1358 1359
1362 1883 0 1359 1360
1363 1884 0 1360 1361
1364 1885 0 1361 1362
1365 1886 0 1362 1363
1366 1887 0 1363 1364
1367 1888 0 1364 1365
1368 1889 0 1365 1366
1369 1890 0 1366 1367
1370 1891 0 1367 1368
1371 1892 0 1368 1369
1372 1893 0 1369 1370
1373 1894 0 1370 1371
1374 1895 0 1371 1372
1375 1896 0 1372 1373
1376 1897 0 1373 1374
1377 1898 0 1374 1375
1378 1899 0 1375 1376
1379 1900 0 1376 1377
1380 1901 0 1377 1378
1381 1902 0 1378 1379
1382 1903 0 1379 1380
1383 1904 0 1380 1381
1384 1905 0 1381 1382
1385 1906 0 1382 1383
1386 1907 0 1383 1384
1387 1908 0 1384 1385
1388 1909 0 1385 1386
1389 1910 0 1386 1387
1390 1911 0 1387 1388
1391 1912 0 1388 1389
1392 1913 0 1389 1390
1393 1914 0 1390 1391
1394 1915 0 1391 1392
1395 1916 0 1392 1393
1396 1917 0 1393 1394
1397 1918 0 1394 1395
1398 1919 0 1395 1396
1399 1920 0 1396 1397
1400 1921 0 1397 1398
1401 1922 0 1398 1399
1402 1923 0 1399 1400
1403 1924 0 1400 1401
1404 1925 0 1401 1402
1405 1926 0 1402 1403
1406 1927 0 1403 1404
1407 1928 0 1404 1405
1408 1929 0 1405 1406
1409 1930 0 1406 1407
1410 1931 0 1407 1408
1411 1932 0 1408 1409
1412 1933 0 1409 1410
1413 1934 0 1410 1411
1414 1935 0 1411 1412
1415 1936 0 1412 1413
1416 1937 0 1413 1414
1417 1938 0 1414 1415
1418 1939 0 1415 1416
1419 1940 0 1416 1417
1420 1941 0 1417 1418
1421 1942 0 1418 1419
1422 1943 0 1419 1420
1423 1944 0 1420 1421
1424 1945 0 1421 1422
1425 1946 0 1422 1423
1426 1947 0 1423 1424
1427 1948 0 1424 1425
1428 1949 0 1425 1426
1429 1950 0 1426 1427
1430 1951 0 1427 1428
1431 1952 0 1428 1429
1432 1953 0 1429 1430
1433 1954 0 1430 1431
1434 1955 0 1431 1432
1435 1956 0 1432 1433
1436 1957 0 1433 1434
1437 1958 0 1434 1435
1438 1959 0 1435 1436
1439 1960 0 1436 1437
1440 1961 0 1437 1438
1441 1962 0 1438 1439
1442 1963 0 1439 1440
1443 1964 0 1440 1441
1444 1965 0 1441 1442
1445 1966 0 1442 1443
1446 1967 0 1443 1444
1447 1968 0 1444 1445
1448 1969 0 1445 1446
1449 1970 0 1446 1447
1450 1971 0 1447 1448
1451 1972 0 1448 1449
1452 1973 0 1449 1450
1453 1974 0 1450 1451
1454 1975 0 1451 1452
1455 1976 0 1452 1453
1456 1977 0 1453 1454
1457 1978 0 1454 1455
1458 1979 0 1455 1456
1459 1980 0 1456 1457
1460 1981 0 1457 1458
1461 1982 0 1458 1459
1462 1983 0 1459 1460
1463 1984 0 1460 1461
1464 1985 0 1461 1462
1465 1986 0 1462 1463
1466 1987 0 1463 1464
1467 1988 0 1464 1465
1468 1989 0 1465 1466
1469 1990 0 1466 1467
1470 1991 0 1467 1468
1471 1992 0 1468 1469
1472 1993 0 1469 1470
1473 1994 0 1470 1471
1474 1995 0 1471 1472
1475 1996 0 1472 1473
1476 1997 0 1473 1474
1477 1998 0 1474 1475
1478 1999 0 1475 1476
1479 2000 0 1476 1477
1480 2001 0 1477 1478
1481 2002 0 1478 1479
1482 2003 0 1479 1480
1483 2004 0 1480 1481
1484 2005 0 1481 1482
1485 2006 0 1482 1483
1486 2007 0 1483 1484
1487 2008 0 1484 1485
1488 2009 0 1485 1486
1489 2010 0 1486 1487
1490 2011 0 1487 1488
1491 2012 0 1488 1489
1492 2013 0 1489 1490
1493 2014 0 1490 1491
1494 2015 0 1491 1492
1495 2016 0 1492 1493
1496 2017 0 1493 1494
1497 2018 0 1494 1495
1498 2019 0 1495 1496
1499 2020 0 1496 1497
1500 2021 0 1497 1498
1501 2022 0 1498 1499
1502 2023 0 1499 1500
1503 2024 0 1500 1501
1504 2025 0 1501 1502
1505 2026 0 1502 1503
1506 2027 0 1503 1504
1507 2028 0 1504 1505
1508 2029 0 1505 1506
1509 2030 0 1506 1507
1510 2031 0 1507 1508
1511 2032 0 1508 1509
1512 2033 0 1509 1510
1513 2034 0 1510 1511
1514 2035 0 1511 1512
1515 2036 0 1512 1513
1516 2037 0 1513 1514
1517 2038 0 1514 1515
1518 2039 0 1515 1516
1519 2040 0 1516 1517
1520 2041 0 1517 1518
1521 2042 0 1518 1519
1522 2043 0 1519 1520
1523 2044 0 1520 1521
1524 2045 0 1521 1522
1525 2046 0 1522 1523
1526 2047 0 1523 1524
1527 2048 0 1524 1525
1528 2049 0 1525 1526
1529 2050 0 1526 1527
1530 2051 0 1527 1528
1531 2052 0 1528 1529
1532 2053 0 1529 1530
1533 2054 0 1530 1531
1534 2055 0 1531 1532
1535 2056 0 1532 1533
1536 2057 0 1533 1534
1537 2058 0 1534 1535
1538 2059 0 1535 1536
1539 2060 0 1536 1537
1540 2061 0 1537 1538
1541 2062 0 1538 1539
1542 2063 0 1539 1540
1543 2064 0 1540 1541
1544 2065 0 1541 1542
1545 2066 0 1542 1543
1546 2067 0 1543 1544
1547 2068 0 1544 1545
1548 2069 0 1545 1546
1549 2070 0 1546 1547
1550 2071 0 1547 1548
1551 2072 0 1548 1549
1552 2073 0 1549 1550
1553 2074 0 1550 1551
1554 2075 0 1551 1552
1555 2076 0 1552 1553
1556 2077 0 1553 1554
1557 2078 0 1554 1555
1558 2079 0 1555 1556
1559 2080 0 1556 1557
1560 2081 0 1557 1558
1561 2082 0 1558 1559
1562 2083 2 1559 -1
0 1 0 0 1040
1 2 0 1 1041
2 3 0 2 1042
3 4 0 3 1043
4 5 0 4 1044
5 6 0 5 1045
6 7 0 6 1046
7 8 0 7 1047
8 9 0 8 1048
9 10 0 9 1049
10 11 0 10 1050
11 12 0 11 1051
12 13 0 12 1052
13 14 0 13 1053
14 15 0 14 1054
15 16 0 15 1055
16 17 0 16 1056
17 18 0 17 1057
18 19 0 18 1058
19 20 0 19 1059
20 21 0 20 1060
21 22 0 21 1061
22 23 0 22 1062
23 24 0 23 1063
24 25 0 24 1064
25 26 0 25 1065
26 27 0 26 1066
27 28 0 27 1067
28 29 0 28 1068
29 30 0 29 1069
30 31 0 30 1070
31 32 0 31 1071
32 33 0 32 1072
33 34 0 33 1073
34 35 0 34 1074
35 36 0 35 1075
36 37 0 36 1076
37 38 0 37 1077
38 39 0 38 1078
39 40 0 39 1079
40 41 0 40 1080
41 42 0 41 1081
42 43 0 42 1082
43 44 0 43 1083
44 45 0 44 1084
45 46 0 45 1085
46 47 0 46 1086
47 48 0 47 1087
48 49 0 48 1088
49 50 0 49 1089
50 51 0 50 1090
51 52 0 51 1091
52 53 0 52 1092
53 54 0 53 1093
54 55 0 54 1094
55 56 0 55 1095
56 57 0 56 1096
57 58 0 57 1097
58 59 0 58 1098
59 60 0 59 1099
60 61 0 60 1100
61 62 0 61 1101
62 63 0 62 1102
63 64 0 63 1103
64 65 0 64 1104
65 66 0 65 1105
66 67 0 66 1106
67 68 0 67 1107
68 69 0 68 1108
69 70 0 69 1109
70 71 0 70 1110
71 72 0 71 1111
72 73 0 72 1112
73 74 0 73 1113
74 75 0 74 1114
75 76 0 75 1115
76 77 0 76 1116
77 78 0 77 1117
78 79 0 78 1118
79 80 0 79 1119
80 81 0 80 1120
81 82 0 81 1121
82 83 0 82 1122
83 84 0 83 1123
84 85 0 84 1124
85 86 0 85 1125
86 87 0 86 1126
87 88 0 87 1127
88 89 0 88 1128
89 90 0 89 1129
90 91 0 90 1130
91 92 0 91 1131
92 93 0 92 1132
93 94 0 93 1133
94 95 0 94 1134
95 96 0 95 1135
96 97 0 96 1136
97 98 0 97 1137
98 99 0 98 1138
99 100 0 99 1139
100 101 0 100 1140
101 102 0 101 1141
102 103 0 102 1142
103 104 0 103 1143
104 105 0 104 1144
105 106 0 105 1145
106 107 0 106 1146
107 108 0 107 1147
108 109 0 108 1148
109 110 0 109 1149
110 111 0 110 1150
111 112 0 111 1151
112 113 0 112 1152
113 114 0 113 1153
114 115 0 114 1154
115 116 0 115 1155
116 117 0 116 1156
117 118 0 117 1157
118 119 0 118 1158
119 120 0 119 1159
120 121 0 120 1160
121 122 0 121 1161
122 123 0 122 1162
123 124 0 123 1163
124 125 0 124 1164
125 126 0 125 1165
126 127 0 126 1166
127 128 0 127 1167
128 129 0 128 1168
129 130 0 129 1169
130 131 0 130 1170
131 132 0 131 1171
132 133 0 132 1172
133 134 0 133 1173
134 135 0 134 1174
135 136 0 135 1175
136 137 0 136 1176
137 138 0 137 1177
138 139 0 138 1178
139 140 0 139 1179
140 141 0 140 1180
141 142 0 141 1181
142 143 0 142 1182
143 144 0 143 1183
144 145 0 144 1184
145 146 0 145 1185
146 147 0 146 1186
147 148 0 147 1187
148 149 0 148 1188
149 150 0 149 1189
150 151 0 150 1190
151 152 0 151 1191
152 153 0 152 1192
153 154 0 153 1193
154 155 0 154 1194
155 156 0 155 1195
156 157 0 156 1196
157 158 0 157 1197
158 159 0 158 1198
159 160 0 159 1199
160 161 0 160 1200
161 162 0 161 1201
162 163 0 162 1202
163 164 0 163 1203
164 165 0 164 1204
165 166 0 165 1205
166 167 0 166 1206
167 168 0 167 1207
168 169 0 168 1208
169 170 0 169 1209
170 171 0 170 1210
171 172 0 171 1211
172 173 0 172 1212
173 174 0 173 1213
174 175 0 174 1214
175 176 0 175 1215
176 177 0 176 1216
177 178 0 177 1217
178 179 0 178 1218
179 180 0 179 1219
180 181 0 180 1220
181 182 0 181 1221
182 183 0 182 1222
183 184 0 183 1223
184 185 0 184 1224
185 186 0 185 1225
186 187 0 186 1226
187 188 0 187 1227
188 189 0 188 1228
189 190 0 189 1229
190 191 0 190 1230
191 192 0 191 1231
192 193 0 192 1232
193 194 0 193 1233
194 195 0 194 1234
195 196 0 195 1235
196 197 0 196 1236
197 198 0 197 1237
198 199 0 198 1238
199 200 0 199 1239
200 201 0 200 1240
201 202 0 201 1241
202 203 0 202 1242
203 204 0 203 1243
204 205 0 204 1244
205 206 0 205 1245
206 207 0 206 1246
207 208 0 207 1247
208 209 0 208 1248
209 210 0 209 1249
210 211 0 210 1250
211 212 0 211 1251
212 213 0 212 1252
213 214 0 213 1253
214 215 0 214 1254
215 216 0 215 1255
216 217 0 216 1256
217 218 0 217 1257
218 219 0 218 1258
219 220 0 219 1259
220 221 0 220 1260
221 222 0 221 1261
222 223 0 222 1262
223 224 0 223 1263
224 225 0 224 1264
225 226 0 225 1265
226 227 0 226 1266
227 228 0 227 1267
228 229 0 228 1268
229 230 0 229 1269
230 231 0 230 1270
231 232 0 231 1271
232 233 0 232 1272
233 234 0 233 1273
234 235 0 234 1274
235 236 0 235 1275
236 237 0 236 1276
237 238 0 237 1277
238 239 0 238 1278
239 240 0 239 1279
240 241 0 240 1280
241 242 0 241 1281
242 243 0 242 1282
243 244 0 243 1283
244 245 0 244 1284
245 246 0 245 1285
246 247 0 246 1286
247 248 0 247 1287
248 249 0 248 1288
249 250 0 249 1289
250 251 0 250 1290
251 252 0 251 1291
252 253 0 252 1292
253 254 0 253 1293
254 255 0 254 1294
255 256 0 255 1295
256 257 0 256 1296
257 258 0 257 1297
258 259 0 258 1298
259 260 0 259 1299
260 261 0 260 1300
261 262 0 261 1301
262 263 0 262 1302
263 264 0 263 1303
264 265 0 264 1304
265 266 0 265 1305
266 267 0 266 1306
267 268 0 267 1307
268 269 0 268 1308
269 270 0 269 1309
270 271 0 270 1310
271 272 0 271 1311
272 273 0 272 1312
273 274 0 273 1313
274 275 0 274 1314
275 276 0 275 1315
276 277 0 276 1316
277 278 0 277 1317
278 279 0 278 1318
279 280 0 279 1319
280 281 0 280 1320
281 282 0 281 1321
282 283 0 282 1322
283 284 0 283 1323
284 285 0 284 1324
285 286 0 285 1325
286 287 0 286 1326
287 288 0 287 1327
288 289 0 288 1328
289 290 0 289 1329
290 291 0 290 1330
291 292 0 291 1331
292 293 0 292 1332
293 294 0 293 1333
294 295 0 294 1334
295 296 0 295 1335
296 297 0 296 1336
297 298 0 297 1337
298 299 0 298 1338
299 300 0 299 1339
300 301 0 300 1340
301 302 0 301 1341
302 303 0 302 1342
303 304 0 303 1343
304 305 0 304 1344
305 306 0 305 1345
306 307 0 306 1346
307 308 0 307 1347
308 309 0 308 1348
309 310 0 309 1349
310 311 0 310 1350
311 312 0 311 1351
312 313 0 312 1352
313 314 0 313 1353
314 315 0 314 1354
315 316 0 315 1355
316 317 0 316 1356
317 318 0 317 1357
318 319 0 318 1358
319 320 0 319 1359
320 321 0 320 1360
321 322 0 321 1361
322 323 0 322 1362
323 324 0 323 1363
324 325 0 324 1364
325 326 0 325 1365
326 327 0 326 1366
327 328 0 327 1367
328 329 0 328 1368
329 330 0 329 1369
330 331 0 330 1370
331 332 0 331 1371
332 333 0 332 1372
333 334 0 333 1373
334 335 0 334 1374
335 336 0 335 1375
336 337 0 336 1376
337 338 0 337 1377
338 339 0 338 1378
339 340 0 339 1379
340 341 0 340 1380
341 342 0 341 1381
342 343 0 342 1382
343 344 0 343 1383
344 345 0 344 1384
345 346 0 345 1385
346 347 0 346 1386
347 348 0 347 1387
348 349 0 348 1388
349 350 0 349 1389
350 351 0 350 1390
351 352 0 351 1391
352 353 0 352 1392
353 354 0 353 1393
354 355 0 354 1394
355 356 0 355 1395
356 357 0 356 1396
357 358 0 357 1397
358 359 0 358 1398
359 360 0 359 1399
360 361 0 360 1400
361 362 0 361 1401
362 363 0 362 1402
363 364 0 363 1403
364 365 0 364 1404
365 366 0 365 1405
366 367 0 366 1406
367 368 0 367 1407
368 369 0 368 1408
369 370 0 369 1409
370 371 0 370 1410
371 372 0 371 1411
372 373 0 372 1412
373 374 0 373 1413
374 375 0 374 1414
375 376 0 375 1415
376 377 0 376 1416
377 378 0 377 1417
378 379 0 378 1418
379 380 0 379 1419
380 381 0 380 1420
381 382 0 381 1421
382 383 0 382 1422
383 384 0 383 1423
384 385 0 384 1424
385 386 0 385 1425
386 387 0 386 1426
387 388 0 387 1427
388 389 0 388 1428
389 390 0 389 1429
390 391 0 390 1430
391 392 0 391 1431
392 393 0 392 1432
393 394 0 393 1433
394 395 0 394 1434
395 396 0 395 1435
396 397 0 396 1436
397 398 0 397 1437
398 399 0 398 1438
399 400 0 399 1439
400 401 0 400 1440
401 402 0 401 1441
402 403 0 402 1442
403 404 0 403 1443
404 405 0 404 1444
405 406 0 405 1445
406 407 0 406 1446
407 408 0 407 1447
408 409 0 408 1448
409 410 0 409 1449
410 411 0 410 1450
411 412 0 411 1451
412 413 0 412 1452
413 414 0 413 1453
414 415 0 414 1454
415 416 0 415 1455
416 417 0 416 1456
417 418 0 417 1457
418 419 0 418 1458
419 420 0 419 1459
420 421 0 420 1460
421 422 0 421 1461
422 423 0 422 1462
423 424 0 423 1463
424 425 0 424 1464
425 426 0 425 1465
426 427 0 426 1466
427 428 0 427 1467
428 429 0 428 1468
429 430 0 429 1469
430 431 0 430 1470
431 432 0 431 1471
432 433 0 432 1472
433 434 0 433 1473
434 435 0 434 1474
435 436 0 435 1475
436 437 0 436 1476
437 438 0 437 1477
438 439 0 438 1478
439 440 0 439 1479
440 441 0 440 1480
441 442 0 441 1481
442 443 0 442 1482
443 444 0 443 1483
444 445 0 444 1484
445 446 0 445 1485
446 447 0 446 1486
447 448 0 447 1487
448 449 0 448 1488
449 450 0 449 1489
450 451 0 450 1490
451 452 0 451 1491
452 453 0 452 1492
453 454 0 453 1493
454 455 0 454 1494
455 456 0 455 1495
456 457 0 456 1496
457 458 0 457 1497
458 459 0 458 1498
459 460 0 459 1499
460 461 0 460 1500
461 462 0 461 1501
462 463 0 462 1502
463 464 0 463 1503
464 465 0 464 1504
465 466 0 465 1505
466 467 0 466 1506
467 468 0 467 1507
468 469 0 468 1508
469 470 0 469 1509
470 471 0 470 1510
471 472 0 471 1511
472 473 0 472 1512
473 474 0 473 1513
474 475 0 474 1514
475 476 0 475 1515
476 477 0 476 1516
477 478 0 477 1517
478 479 0 478 1518
479 480 0 479 1519
480 481 0 480 1520
481 482 0 481 1521
482 483 0 482 1522
483 484 0 483 1523
484 485 0 484 1524
485 486 0 485 1525
486 487 0 486 1526
487 488 0 487 1527
488 489 0 488 1528
489 490 0 489 1529
490 491 0 490 1530
491 492 0 491 1531
492 493 0 492 1532
493 494 0 493 1533
494 495 0 494 1534
495 496 0 495 1535
496 497 0 496 1536
497 498 0 497 1537
498 499 0 498 1538
499 500 0 499 1539
500 501 0 500 1540
501 502 0 501 1541
502 503 0 502 1542
503 504 0 503 1543
504 505 0 504 1544
505 506 0 505 1545
506 507 0 506 1546
507 508 0 507 1547
508 509 0 508 1548
509 510 0 509 1549
510 511 0 510 1550
511 512 0 511 1551
512 513 0 512 1552
513 514 0 513 1553
514 515 0 514 1554
515 516 0 515 1555
516 517 0 516 1556
517 518 0 517 1557
518 519 0 518 1558
519 520 0 519 1559
521 522 0 520 0
522 523 0 521 1
523 524 0 522 2
524 525 0 523 3
525 526 0 524 4
526 527 0 525 5
527 528 0 526 6
528 529 0 527 7
529 530 0 528 8
530 531 0 529 9
531 532 0 530 10
532 533 0 531 11
533 534 0 532 12
534 535 0 533 13
535 536 0 534 14
536 537 0 535 15
537 538 0 536 16
538 539 0 537 17
539 540 0 538 18
540 541 0 539 19
541 542 0 540 20
542 543 0 541 21
543 544 0 542 22
544 545 0 543 23
545 546 0 544 24
546 547 0 545 25
547 548 0 546 26
548 549 0 547 27
549 550 0 548 28
550 551 0 549 29
551 552 0 550 30
552 553 0 551 31
553 554 0 552 32
554 555 0 553 33
555 556 0 554 34
556 557 0 555 35
557 558 0 556 36
558 559 0 557 37
559 560 0 558 38
560 561 0 559 39
561 562 0 560 40
562 563 0 561 41
563 564 0 562 42
564 565 0 563 43
565 566 0 564 44
566 567 0 565 45
567 568 0 566 46
568 569 0 567 47
569 570 0 568 48
570 571 0 569 49
571 572 0 570 50
572 573 0 571 51
573 574 0 572 52
574 575 0 573 53
575 576 0 574 54
576 577 0 575 55
577 578 0 576 56
578 579 0 577 57
579 580 0 578 58
580 581 0 579 59
581 582 0 580 60
582 583 0 581 61
583 584 0 582 62
584 585 0 583 63
585 586 0 584 64
586 587 0 585 65
587 588 0 586 66
588 589 0 587 67
589 590 0 588 68
590 591 0 589 69
591 592 0 590 70
592 593 0 591 71
593 594 0 592 72
594 595 0 593 73
595 596 0 594 74
596 597 0 595 75
597 598 0 596 76
598 599 0 597 77
599 600 0 598 78
600 601 0 599 79
601 602 0 600 80
602 603 0 601 81
603 604 0 602 82
604 605 0 603 83
605 606 0 604 84
606 607 0 605 85
607 608 0 606 86
608 609 0 607 87
609 610 0 608 88
610 611 0 609 89
611 612 0 610 90
612 613 0 611 91
613 614 0 612 92
614 615 0 613 93
615 616 0 614 94
616 617 0 615 95
617 618 0 616 96
618 619 0 617 97
619 620 0 618 98
620 621 0 619 99
621 622 0 620 100
622 623 0 621 101
623 624 0 622 102
624 625 0 623 103
625 626 0 624 104
626 627 0 625 105
627 628 0 626 106
628 629 0 627 107
629 630 0 628 108
630 631 0 629 109
631 632 0 630 110
632 633 0 631 111
633 634 0 632 112
634 635 0 633 113
635 636 0 634 114
636 637 0 635 115
637 638 0 636 116
638 639 0 637 117
639 640 0 638 118
640 641 0 639 119
641 642 0 640 120
642 643 0 641 121
643 644 0 642 122
644 645 0 643 123
645 646 0 644 124
646 647 0 645 125
647 648 0 646 126
648 649 0 647 127
649 650 0 648 128
650 651 0 649 129
651 652 0 650 130
652 653 0 651 131
653 654 0 652 132
654 655 0 653 133
655 656 0 654 134
656 657 0 655 135
657 658 0 656 136
658 659 0 657 137
659 660 0 658 138
660 661 0 659 139
661 662 0 660 140
662 663 0 661 141
663 664 0 662 142
664 665 0 663 143
665 666 0 664 144
666 667 0 665 145
667 668 0 666 146
668 669 0 667 147
669 670 0 668 148
670 671 0 669 149
671 672 0 670 150
672 673 0 671 151
673 674 0 672 152
674 675 0 673 153
675 676 0 674 154
676 677 0 675 155
677 678 0 676 156
678 679 0 677 157
679 680 0 678 158
680 681 0 679 159
681 682 0 680 160
682 683 0 681 161
683 684 0 682 162
684 685 0 683 163
685 686 0 684 164
686 687 0 685 165
687 688 0 686 166
688 689 0 687 167
689 690 0 688 168
690 691 0 689 169
691 692 0 690 170
692 693 0 691 171
693 694 0 692 172
694 695 0 693 173
695 696 0 694 174
696 697 0 695 175
697 698 0 696 176
698 699 0 697 177
699 700 0 698 178
700 701 0 699 179
701 702 0 700 180
702 703 0 701 181
703 704 0 702 182
704 705 0 703 183
705 706 0 704 184
706 707 0 705 185
707 708 0 706 186
708 709 0 707 187
709 710 0 708 188
710 711 0 709 189
711 712 0 710 190
712 713 0 711 191
713 714 0 712 192
714 715 0 713 193
715 716 0 714 194
716 717 0 715 195
717 718 0 716 196
718 719 0 717 197
719 720 0 718 198
720 721 0 719 199
721 722 0 720 200
722 723 0 721 201
723 724 0 722 202
724 725 0 723 203
725 726 0 724 204
726 727 0 725 205
727 728 0 726 206
728 729 0 727 207
729 730 0 728 208
730 731 0 729 209
731 732 0 730 210
732 733 0 731 211
733 734 0 732 212
734 735 0 733 213
735 736 0 734 214
736 737 0 735 215
737 738 0 736 216
738 739 0 737 217
739 740 0 738 218
740 741 0 739 219
741 742 0 740 220
742 743 0 741 221
743 744 0 742 222
744 745 0 743 223
745 746 0 744 224
746 747 0 745 225
747 748 0 746 226
748 749 0 747 227
749 750 0 748 228
750 751 0 749 229
751 752 0 750 230
752 753 0 751 231
753 754 0 752 232
754 755 0 753 233
755 756 0 754 234
756 757 0 755 235
757 758 0 756 236
758 759 0 757 237
759 760 0 758 238
760 761 0 759 239
761 762 0 760 240
762 763 0 761 241
763 764 0 762 242
764 765 0 763 243
765 766 0 764 244
766 767 0 765 245
767 768 0 766 246
768 769 0 767 247
769 770 0 768 248
770 771 0 769 249
771 772 0 770 250
772 773 0 771 251
773 774 0 772 252
774 775 0 773 253
775 776 0 774 254
776 777 0 775 255
777 778 0 776 256
778 779 0 777 257
779 780 0 778 258
780 781 0 779 259
781 782 0 780 260
782 783 0 781 261
783 784 0 782 262
784 785 0 783 263
785 786 0 784 264
786 787 0 785 265
787 788 0 786 266
788 789 0 787 267
789 790 0 788 268
790 791 0 789 269
791 792 0 790 270
792 793 0 791 271
793 794 0 792 272
794 795 0 793 273
795 796 0 794 274
796 797 0 795 275
797 798 0 796 276
798 799 0 797 277
799 800 0 798 278
800 801 0 799 279
801 802 0 800 280
802 803 0 801 281
803 804 0 802 282
804 805 0 803 283
805 806 0 804 284
806 807 0 805 285
807 808 0 806 286
808 809 0 807 287
809 810 0 808 288
810 811 0 809 289
811 812 0 810 290
812 813 0 811 291
813 814 0 812 292
814 815 0 813 293
815 816 0 814 294
816 817 0 815 295
817 818 0 816 296
818 819 0 817 297
819 820 0 818 298
820 821 0 819 299
821 822 0 820 300
822 823 0 821 301
823 824 0 822 302
824 825 0 823 303
825 826 0 824 304
826 827 0 825 305
827 828 0 826 306
828 829 0 827 307
829 830 0 828 308
830 831 0 829 309
831 832 0 830 310
832 833 0 831 311
833 834 0 832 312
834 835 0 833 313
835 836 0 834 314
836 837 0 835 315
837 838 0 836 316
838 839 0 837 317
839 840 0 838 318
840 841 0 839 319
841 842 0 840 320
842 843 0 841 321
843 844 0 842 322
844 845 0 843 323
845 846 0 844 324
846 847 0 845 325
847 848 0 846 326
848 849 0 847 327
849 850 0 848 328
850 851 0 849 329
851 852 0 850 330
852 853 0 851 331
853 854 0 852 332
854 855 0 853 333
855 856 0 854 334
856 857 0 855 335
857 858 0 856 336
858 859 0 857 337
859 860 0 858 338
860 861 0 859 339
861 862 0 860 340
862 863 0 861 341
863 864 0 862 342
864 865 0 863 343
865 866 0 864 344
866 867 0 865 345
867 868 0 866 346
868 869 0 867 347
869 870 0 868 348
870 871 0 869 349
871 872 0 870 350
872 873 0 871 351
873 874 0 872 352
874 875 0 873 353
875 876 0 874 354
876 877 0 875 355
877 878 0 876 356
878 879 0 877 357
879 880 0 878 358
880 881 0 879 359
881 882 0 880 360
882 883 0 881 361
883 884 0 882 362
884 885 0 883 363
885 886 0 884 364
886 887 0 885 365
887 888 0 886 366
888 889 0 887 367
889 890 0 888 368
890 891 0 889 369
891 892 0 890 370
892 893 0 891 371
893 894 0 892 372
894 895 0 893 373
895 896 0 894 374
896 897 0 895 375
897 898 0 896 376
898 899 0 897 377
899 900 0 898 378
900 901 0 899 379
901 902 0 900 380
902 903 0 901 381
903 904 0 902 382
904 905 0 903 383
905 906 0 904 384
906 907 0 905 385
907 908 0 906 386
908 909 0 907 387
909 910 0 908 388
910 911 0 909 389
911 912 0 910 390
912 913 0 911 391
913 914 0 912 392
914 915 0 913 393
915 916 0 914 394
916 917 0 915 395
917 918 0 916 396
918 919 0 917 397
919 920 0 918 398
920 921 0 919 399
921 922 0 920 400
922 923 0 921 401
923 924 0 922 402
924 925 0 923 403
925 926 0 924 404
926 927 0 925 405
927 928 0 926 406
928 929 0 927 407
929 930 0 928 408
930 931 0 929 409
931 932 0 930 410
932 933 0 931 411
933 934 0 932 412
934 935 0 933 413
935 936 0 934 414
936 937 0 935 415
937 938 0 936 416
938 939 0 937 417
939 940 0 938 418
940 941 0 939 419
941 942 0 940 420
942 943 0 941 421
943 944 0 942 422
944 945 0 943 423
945 946 0 944 424
946 947 0 945 425
947 948 0 946 426
948 949 0 947 427
949 950 0 948 428
950 951 0 949 429
951 952 0 950 430
952 953 0 951 431
953 954 0 952 432
954 955 0 953 433
955 956 0 954 434
956 957 0 955 435
957 958 0 956 436
958 959 0 957 437
959 960 0 958 438
960 961 0 959 439
961 962 0 960 440
962 963 0 961 441
963 964 0 962 442
964 965 0 963 443
965 966 0 964 444
966 967 0 965 445
967 968 0 966 446
968 969 0 967 447
969 970 0 968 448
970 971 0 969 449
971 972 0 970 450
972 973 0 971 451
973 974 0 972 452
974 975 0 973 453
975 976 0 974 454
976 977 0 975 455
977 978 0 976 456
978 979 0 977 457
979 980 0 978 458
980 981 0 979 459
981 982 0 980 460
982 983 0 981 461
983 984 0 982 462
984 985 0 983 463
985 986 0 984 464
986 987 0 985 465
987 988 0 986 466
988 989 0 987 467
989 990 0 988 468
990 991 0 989 469
991 992 0 990 470
992 993 0 991 471
993 994 0 992 472
994 995 0 993 473
995 996 0 994 474
996 997 0 995 475
997 998 0 996 476
998 999 0 997 477
999 1000 0 998 478
1000 1001 0 999 479
1001 1002 0 1000 480
1002 1003 0 1001 481
1003 1004 0 1002 482
1004 1005 0 1003 483
1005 1006 0 1004 484
1006 1007 0 1005 485
1007 1008 0 1006 486
1008 1009 0 1007 487
1009 1010 0 1008 488
1010 1011 0 1009 489
1011 1012 0 1010 490
1012 1013 0 1011 491
1013 1014 0 1012 492
1014 1015 0 1013 493
1015 1016 0 1014 494
1016 1017 0 1015 495
1017 1018 0 1016 496
1018 1019 0 1017 497
1019 1020 0 1018 498
1020 1021 0 1019 499
1021 1022 0 1020 500
1022 1023 0 1021 501
1023 1024 0 1022 502
1024 1025 0 1023 503
1025 1026 0 1024 504
1026 1027 0 1025 505
1027 1028 0 1026 506
1028 1029 0 1027 507
1029 1030 0 1028 508
1030 1031 0 1029 509
1031 1032 0 1030 510
1032 1033 0 1031 511
1033 1034 0 1032 512
1034 1035 0 1033 513
1035 1036 0 1034 514
1036 1037 0 1035 515
1037 1038 0 1036 516
1038 1039 0 1037 517
1039 1040 0 1038 518
1040 1041 0 1039 519
1042 1043 0 1040 520
1043 1044 0 1041 521
1044 1045 0 1042 522
1045 1046 0 1043 523
1046 1047 0 1044 524
1047 1048 0 1045 525
1048 1049 0 1046 526
1049 1050 0 1047 527
1050 1051 0 1048 528
1051 1052 0 1049 529
1052 1053 0 1050 530
1053 1054 0 1051 531
1054 1055 0 1052 532
1055 1056 0 1053 533
1056 1057 0 1054 534
1057 1058 0 1055 535
1058 1059 0 1056 536
1059 1060 0 1057 537
1060 1061 0 1058 538
1061 1062 0 1059 539
1062 1063 0 1060 540
1063 1064 0 1061 541
1064 1065 0 1062 542
1065 1066 0 1063 543
1066 1067 0 1064 544
1067 1068 0 1065 545
1068 1069 0 1066 546
1069 1070 0 1067 547
1070 1071 0 1068 548
1071 1072 0 1069 549
1072 1073 0 1070 550
1073 1074 0 1071 551
1074 1075 0 1072 552
1075 1076 0 1073 553
1076 1077 0 1074 554
1077 1078 0 1075 555
1078 1079 0 1076 556
1079 1080 0 1077 557
1080 1081 0 1078 558
1081 1082 0 1079 559
1082 1083 0 1080 560
1083 1084 0 1081 561
1084 1085 0 1082 562
1085 1086 0 1083 563
1086 1087 0 1084 564
1087 1088 0 1085 565
1088 1089 0 1086 566
1089 1090 0 1087 567
1090 1091 0 1088 568
1091 1092 0 1089 569
1092 1093 0 1090 570
1093 1094 0 1091 571
1094 1095 0 1092 572
1095 1096 0 1093 573
1096 1097 0 1094 574
1097 1098 0 1095 575
1098 1099 0 1096 576
1099 1100 0 1097 577
1100 1101 0 1098 578
1101 1102 0 1099 579
1102 1103 0 1100 580
1103 1104 0 1101 581
1104 1105 0 1102 582
1105 1106 0 1103 583
1106 1107 0 1104 584
1107 1108 0 1105 585
1108 1109 0 1106 586
1109 1110 0 1107 587
1110 1111 0 1108 588
1111 1112 0 1109 589
1112 1113 0 1110 590
1113 1114 0 1111 591
1114 1115 0 1112 592
1115 1116 0 1113 593
1116 1117 0 1114 594
1117 1118 0 1115 595
1118 1119 0 1116 596
1119 1120 0 1117 597
1120 1121 0 1118 598
1121 1122 0 1119 599
1122 1123 0 1120 600
1123 1124 0 1121 601
1124 1125 0 1122 602
1125 1126 0 1123 603
1126 1127 0 1124 604
1127 1128 0 1125 605
1128 1129 0 1126 606
1129 1130 0 1127 607
1130 1131 0 1128 608
1131 1132 0 1129 609
1132 1133 0 1130 610
1133 1134 0 1131 611
1134 1135 0 1132 612
1135 1136 0 1133 613
1136 1137 0 1134 614
1137 1138 0 1135 615
1138 1139 0 1136 616
1139 1140 0 1137 617
1140 1141 0 1138 618
1141 1142 0 1139 619
1142 1143 0 1140 620
1143 1144 0 1141 621
1144 1145 0 1142 622
1145 1146 0 1143 623
1146 1147 0 1144 624
1147 1148 0 1145 625
1148 1149 0 1146 626
1149 1150 0 1147 627
1150 1151 0 1148 628
1151 1152 0 1149 629
1152 1153 0 1150 630
1153 1154 0 1151 631
1154 1155 0 1152 632
1155 1156 0 1153 633
1156 1157 0 1154 634
1157 1158 0 1155 635
1158 1159 0 1156 636
1159 1160 0 1157 637
1160 1161 0 1158 638
1161 1162 0 1159 639
1162 1163 0 1160 640
1163 1164 0 1161 641
1164 1165 0 1162 642
1165 1166 0 1163 643
1166 1167 0 1164 644
1167 1168 0 1165 645
1168 1169 0 1166 646
1169 1170 0 1167 647
1170 1171 0 1168 648
1171 1172 0 1169 649
1172 1173 0 1170 650
1173 1174 0 1171 651
1174 1175 0 1172 652
1175 1176 0 1173 653
1176 1177 0 1174 654
1177 1178 0 1175 655
1178 1179 0 1176 656
1179 1180 0 1177 657
1180 1181 0 1178 658
1181 1182 0 1179 659
1182 1183 0 1180 660
1183 1184 0 1181 661
1184 1185 0 1182 662
1185 1186 0 1183 663
1186 1187 0 1184 664
1187 1188 0 1185 665
1188 1189 0 1186 666
1189 1190 0 1187 667
1190 1191 0 1188 668
1191 1192 0 1189 669
1192 1193 0 1190 670
1193 1194 0 1191 671
1194 1195 0 1192 672
1195 1196 0 1193 673
1196 1197 0 1194 674
1197 1198 0 1195 675
1198 1199 0 1196 676
1199 1200 0 1197 677
1200 1201 0 1198 678
1201 1202 0 1199 679
1202 1203 0 1200 680
1203 1204 0 1201 681
1204 1205 0 1202 682
1205 1206 0 1203 683
1206 1207 0 1204 684
1207 1208 0 1205 685
1208 1209 0 1206 686
1209 1210 0 1207 687
1210 1211 0 1208 688
1211 1212 0 1209 689
1212 1213 0 1210 690
1213 1214 0 1211 691
1214 1215 0 1212 692
1215 1216 0 1213 693
1216 1217 0 1214 694
1217 1218 0 1215 695
1218 1219 0 1216 696
1219 1220 0 1217 697
1220 1221 0 1218 698
1221 1222 0 1219 699
1222 1223 0 1220 700
1223 1224 0 1221 701
1224 1225 0 1222 702
1225 1226 0 1223 703
1226 1227 0 1224 704
1227 1228 0 1225 705
1228 1229 0 1226 706
1229 1230 0 1227 707
1230 1231 0 1228 708
1231 1232 0 1229 709
1232 1233 0 1230 710
1233 1234 0 1231 711
1234 1235 0 1232 712
1235 1236 0 1233 713
1236 1237 0 1234 714
1237 1238 0 1235 715
1238 1239 0 1236 716
1239 1240 0 1237 717
1240 1241 0 1238 718
1241 1242 0 1239 719
1242 1243 0 1240 720
1243 1244 0 1241 721
1244 1245 0 1242 722
1245 1246 0 1243 723
1246 1247 0 1244 724
1247 1248 0 1245 725
1248 1249 0 1246 726
1249 1250 0 1247 727
1250 1251 0 1248 728
1251 1252 0 1249 729
1252 1253 0 1250 730
1253 1254 0 1251 731
1254 1255 0 1252 732
1255 1256 0 1253 733
1256 1257 0 1254 734
1257 1258 0 1255 735
1258 1259 0 1256 736
1259 1260 0 1257 737
1260 1261 0 1258 738
1261 1262 0 1259 739
1262 1263 0 1260 740
1263 1264 0 1261 741
1264 1265 0 1262 742
1265 1266 0 1263 743
1266 1267 0 1264 744
1267 1268 0 1265 745
1268 1269 0 1266 746
1269 1270 0 1267 747
1270 1271 0 1268 748
1271 1272 0 1269 749
1272 1273 0 1270 750
1273 1274 0 1271 751
1274 1275 0 1272 752
1275 1276 0 1273 753
1276 1277 0 1274 754
1277 1278 0 1275 755
1278 1279 0 1276 756
1279 1280 0 1277 757
1280 1281 0 1278 758
1281 1282 0 1279 759
1282 1283 0 1280 760
1283 1284 0 1281 761
1284 1285 0 1282 762
1285 1286 0 1283 763
1286 1287 0 1284 764
1287 1288 0 1285 765
1288 1289 0 1286 766
1289 1290 0 1287 767
1290 1291 0 1288 768
1291 1292 0 1289 769
1292 1293 0 1290 770
1293 1294 0 1291 771
1294 1295 0 1292 772
1295 1296 0 1293 773
1296 1297 0 1294 774
1297 1298 0 1295 775
1298 1299 0 1296 776
1299 1300 0 1297 777
1300 1301 0 1298 778
1301 1302 0 1299 779
1302 1303 0 1300 780
1303 1304 0 1301 781
1304 1305 0 1302 782
1305 1306 0 1303 783
1306 1307 0 1304 784
1307 1308 0 1305 785
1308 1309 0 1306 786
1309 1310 0 1307 787
1310 1311 0 1308 788
1311 1312 0 1309 789
1312 1313 0 1310 790
1313 1314 0 1311 791
1314 1315 0 1312 792
1315 1316 0 1313 793
1316 1317 0 1314 794
1317 1318 0 1315 795
1318 1319 0 1316 796
1319 1320 0 1317 797
1320 1321 0 1318 798
1321 1322 0 1319 799
1322 1323 0 1320 800
1323 1324 0 1321 801
1324 1325 0 1322 802
1325 1326 0 1323 803
1326 1327 0 1324 804
1327 1328 0 1325 805
1328 1329 0 1326 806
1329 1330 0 1327 807
1330 1331 0 1328 808
1331 1332 0 1329 809
1332 1333 0 1330 810
1333 1334 0 1331 811
1334 1335 0 1332 812
1335 1336 0 1333 813
1336 1337 0 1334 814
1337 1338 0 1335 815
1338 1339 0 1336 816
1339 1340 0 1337 817
1340 1341 0 1338 818
1341 1342 0 1339 819
1342 1343 0 1340 820
1343 1344 0 1341 821
1344 1345 0 1342 822
1345 1346 0 1343 823
1346 1347 0 1344 824
1347 1348 0 1345 825
1348 1349 0 1346 826
1349 1350 0 1347 827
1350 1351 0 1348 828
1351 1352 0 1349 829
1352 1353 0 1350 830
1353 1354 0 1351 831
1354 1355 0 1352 832
1355 1356 0 1353 833
1356 1357 0 1354 834
1357 1358 0 1355 835
1358 1359 0 1356 836
1359 1360 0 1357 837
1360 1361 0 1358 838
1361 1362 0 1359 839
1362 1363 0 1360 840
1363 1364 0 1361 841
1364 1365 0 1362 842
1365 1366 0 1363 843
1366 1367 0 1364 844
1367 1368 0 1365 845
1368 1369 0 1366 846
1369 1370 0 1367 847
1370 1371 0 1368 848
1371 1372 0 1369 849
1372 1373 0 1370 850
1373 1374 0 1371 851
1374 1375 0 1372 852
1375 1376 0 1373 853
1376 1377 0 1374 854
1377 1378 0 1375 855
1378 1379 0 1376 856
1379 1380 0 1377 857
1380 1381 0 1378 858
1381 1382 0 1379 859
1382 1383 0 1380 860
1383 1384 0 1381 861
1384 1385 0 1382 862
1385 1386 0 1383 863
1386 1387 0 1384 864
1387 1388 0 1385 865
1388 1389 0 1386 866
1389 1390 0 1387 867
1390 1391 0 1388 868
1391 1392 0 1389 869
1392 1393 0 1390 870
1393 1394 0 1391 871
1394 1395 0 1392 872
1395 1396 0 1393 873
1396 1397 0 1394 874
1397 1398 0 1395 875
1398 1399 0 1396 876
1399 1400 0 1397 877
1400 1401 0 1398 878
1401 1402 0 1399 879
1402 1403 0 1400 880
1403 1404 0 1401 881
1404 1405 0 1402 882
1405 1406 0 1403 883
1406 1407 0 1404 884
1407 1408 0 1405 885
1408 1409 0 1406 886
1409 1410 0 1407 887
1410 1411 0 1408 888
1411 1412 0 1409 889
1412 1413 0 1410 890
1413 1414 0 1411 891
1414 1415 0 1412 892
1415 1416 0 1413 893
1416 1417 0 1414 894
1417 1418 0 1415 895
1418 1419 0 1416 896
1419 1420 0 1417 897
1420 1421 0 1418 898
1421 1422 0 1419 899
1422 1423 0 1420 900
1423 1424 0 1421 901
1424 1425 0 1422 902
1425 1426 0 1423 903
1426 1427 0 1424 904
1427 1428 0 1425 905
1428 1429 0 1426 906
1429 1430 0 1427 907
1430 1431 0 1428 908
1431 1432 0 1429 909
1432 1433 0 1430 910
1433 1434 0 1431 911
1434 1435 0 1432 912
1435 1436 0 1433 913
1436 1437 0 1434 914
1437 1438 0 1435 915
1438 1439 0 1436 916
1439 1440 0 1437 917
1440 1441 0 1438 918
1441 1442 0 1439 919
1442 1443 0 1440 920
1443 1444 0 1441 921
1444 1445 0 1442 922
1445 1446 0 1443 923
1446 1447 0 1444 924
1447 1448 0 1445 925
1448 1449 0 1446 926
1449 1450 0 1447 927
1450 1451 0 1448 928
1451 1452 0 1449 929
1452 1453 0 1450 930
1453 1454 0 1451 931
1454 1455 0 1452 932
1455 1456 0 1453 933
1456 1457 0 1454 934
1457 1458 0 1455 935
1458 1459 0 1456 936
1459 1460 0 1457 937
1460 1461 0 1458 938
1461 1462 0 1459 939
1462 1463 0 1460 940
1463 1464 0 1461 941
1464 1465 0 1462 942
1465 1466 0 1463 943
1466 1467 0 1464 944
1467 1468 0 1465 945
1468 1469 0 1466 946
1469 1470 0 1467 947
1470 1471 0 1468 948
1471 1472 0 1469 949
1472 1473 0 1470 950
1473 1474 0 1471 951
1474 1475 0 1472 952
1475 1476 0 1473 953
1476 1477 0 1474 954
1477 1478 0 1475 955
1478 1479 0 1476 956
1479 1480 0 1477 957
1480 1481 0 1478 958
1481 1482 0 1479 959
1482 1483 0 1480 960
1483 1484 0 1481 961
1484 1485 0 1482 962
1485 1486 0 1483 963
1486 1487 0 1484 964
1487 1488 0 1485 965
1488 1489 0 1486 966
1489 1490 0 1487 967
1490 1491 0 1488 968
1491 1492 0 1489 969
1492 1493 0 1490 970
1493 1494 0 1491 971
1494 1495 0 1492 972
1495 1496 0 1493 973
1496 1497 0 1494 974
1497 1498 0 1495 975
1498 1499 0 1496 976
1499 1500 0 1497 977
1500 1501 0 1498 978
1501 1502 0 1499 979
1502 1503 0 1500 980
1503 1504 0 1501 981
1504 1505 0 1502 982
1505 1506 0 1503 983
1506 1507 0 1504 984
1507 1508 0 1505 985
1508 1509 0 1506 986
1509 1510 0 1507 987
1510 1511 0 1508 988
1511 1512 0 1509 989
1512 1513 0 1510 990
1513 1514 0 1511 991
1514 1515 0 1512 992
1515 1516 0 1513 993
1516 1517 0 1514 994
1517 1518 0 1515 995
1518 1519 0 1516 996
1519 1520 0 1517 997
1520 1521 0 1518 998
1521 1522 0 1519 999
1522 1523 0 1520 1000
1523 1524 0 1521 1001
1524 1525 0 1522 1002
1525 1526 0 1523 1003
1526 1527 0 1524 1004
1527 1528 0 1525 1005
1528 1529 0 1526 1006
1529 1530 0 1527 1007
1530 1531 0 1528 1008
1531 1532 0 1529 1009
1532 1533 0 1530 1010
1533 1534 0 1531 1011
1534 1535 0 1532 1012
1535 1536 0 1533 1013
1536 1537 0 1534 1014
1537 1538 0 1535 1015
1538 1539 0 1536 1016
1539 1540 0 1537 1017
1540 1541 0 1538 1018
1541 1542 0 1539 1019
1542 1543 0 1540 1020
1543 1544 0 1541 1021
1544 1545 0 1542 1022
1545 1546 0 1543 1023
1546 1547 0 1544 1024
1547 1548 0 1545 1025
1548 1549 0 1546 1026
1549 1550 0 1547 1027
1550 1551 0 1548 1028
1551 1552 0 1549 1029
1552 1553 0 1550 1030
1553 1554 0 1551 1031
1554 1555 0 1552 1032
1555 1556 0 1553 1033
1556 1557 0 1554 1034
1557 1558 0 1555 1035
1558 1559 0 1556 1036
1559 1560 0 1557 1037
1560 1561 0 1558 1038
1561 1562 0 1559 1039
